DDPM [0.05568537276804201, 0.47060262256147756, 0.6200731305869717, 1.2195481228049412, 1.446922540525044, 2.134579256907558, 2.445267332193095, 2.766128607074872, 2.869793654980789, 2.6733869705688535, 3.4533046586795733, 5.252303515494577]
DDPM [-0.09188400202482075, 0.351322743581023, 0.6764645384843107, 0.6823897509669301, 0.975150408940579, 1.4185208700254017, 1.3826190832426835, 2.139957740321653, 2.562687333402198, 2.8518799977881013, 3.3005718905108545, 3.3664133473355644, 3.641754695942062, 3.956389121567973, 4.427926958271497, 5.303377445935107, 5.531283559179288, 5.677250075180822, 5.805042533422535, 6.285612780173508, 5.976672281804931, 7.320103381827453, 7.091305073874851, 6.658014100219779]
DDPM [0.05367173040559203, -0.14594588196205063, 0.07304441683679257, 0.5666530587761641, 0.49325518098360144, 0.020171569020614243, 0.21597408837730697, 0.14045560455856693, 0.3138034549035001, 0.06549909475882204, 0.26079777193095666, 0.8160633931926059, 0.9217323403098306, 1.4826101712463329, 1.6918666784725267, 2.178056400145805, 2.4224775277498622, 2.691789165652215, 3.4246597242110264, 3.498146660623796, 3.6708145070750793, 3.8758498174368246, 3.960370944368538, 4.445900279859949, 4.277828303434407, 4.3005770701929205, 4.529351623539765, 4.533748543039512, 4.972758231262492, 4.975902885547134, 5.204402071408192, 5.556893491468963]
GAN500 [-0.4541984574163905, 0.7327393297363205, 1.1574292804159465, 1.3571785973469483, 1.5258974129350564, 1.6960392909299065, 1.8921369814219948, 2.022168171852389, 2.4109196539685938, 2.4385116848364166, 3.2893466359798116, 2.596752702279013]
GAN500 [-0.18645754807140433, 0.22446443925796153, 0.7690762786664808, 0.3820744990366485, 0.839237333090921, 0.9327303041967717, 0.9758202682714697, 1.4639870335825058, 1.4271115702973884, 2.1363992003373222, 2.7575905399235494, 2.6892745756649217, 2.9841681237428404, 3.2118909352911578, 3.8332756729914257, 3.898959668642179, 4.519189978069703, 4.906423386684316, 5.5936088935612895, 5.177961336824812, 5.775661844661665, 5.86048077142219, 6.211211816483271, 5.478716187960471]
GAN500 [-0.09209149604105499, 0.21861133479727496, 0.20992107012749936, 0.3488348808373233, 0.39367359772224153, 0.6895282294289073, 0.894964474616142, 1.078597677803062, 1.2895070414760414, 1.3745254715049176, 1.437271096672117, 1.54627167799116, 1.7465038659108922, 1.8225313176051139, 1.9732308531152407, 2.197762465964656, 2.4053871367386988, 2.3252537028187588, 2.6661905713684027, 2.7812639486780424, 2.8741628035168687, 3.1662163054956975, 3.251113803421962, 3.4314488068226585, 3.5479526397901635, 3.6393714635333896, 3.725332283839865, 3.9223054011006737, 3.8926120788404805, 3.6597445858160516, 3.8413461853344075, 3.565220438773622]
GAN500 [-0.9965388462414989, 0.12077901173264828, 0.9030798108213289, 1.3162229262265064, 1.5415794645139698, 1.667082779403247, 1.858848751638567, 1.7599231449220727, 2.299729733642124, 3.1596352099305394, 3.5065839029395196, 3.7009900252635854]
GAN500 [-1.0622082764933325, -0.41779658109856005, 0.0036793548438161794, 0.7482053637546526, 0.9104967961805341, 1.395090632469298, 1.6700572451340965, 1.8469200678959878, 1.7678316970116645, 2.369657072094719, 2.993291357572278, 3.2229617651188613]
GAN500 [-0.2779847721643652, 0.7452108929896314, 0.5912149761626376, 1.207603174918875, 1.9772660607671804, 1.7637140253706762, 2.003063749372225, 1.939600504748892, 2.2904997023622404, 2.9197334154761583, 3.0948228747146156, 2.406493333424075]
GAN500 [-0.28887783634645886, 0.6010535387841168, 0.6084294221564317, 1.2107645657365735, 1.9850231292953011, 1.7417779251667538, 2.01347691604885, 1.9286406368214475, 2.1881373526567045, 2.9075895478151548, 3.0391215387405626, 2.323421746987771]
GAN500 [-0.8396790245062549, -0.3159165072747596, 0.7980651954583906, 1.034530638206257, 1.4096379218818216, 1.7539455657958154, 2.1547207647344364, 1.7653292991517249, 2.2429518091401137, 2.7191969937938625, 3.7467127699997023, 2.9562155997115234]
GAN500 [-1.0306819883904892, -0.3281754499240051, 1.1678643967393774, 1.5939393781587676, 1.0810377398863336, 1.3420337764018877, 1.786401614706802, 1.4367836266047658, 1.2052456995296748, 2.0982480874849623, 1.781750772081741, 1.9152206903039846]
GAN500 [-0.2683391531510018, 0.056135121552101735, 0.8185112368198284, 0.012329400884345245]
GAN500 [-0.09169149424615058, -0.1097156765912892, 1.1645433244315484, 1.8643971272048425]
GAN500 [-0.1537319302871245, 0.008719093196632895, 0.8072622811752785, 1.5198472518621307]
GAN500 [-0.6460134755604336, -0.02148964794214334, 0.3555940396230212, -0.48692446465944145]
GAN500 [0.12581267457143339, -0.6812780766968664, -1.2914442007996265, 1.1029145641273326]
GAN500 [-0.4533098268641658, 0.7327478901397191, 1.1357881092170168, 1.3835095002311495, 1.5017677728581051, 1.7024583968061724, 1.8270751188491212, 2.0819705836152553, 2.3697947941232775, 2.44510690802956, 3.289805783345647, 2.7675091124982587]
GAN500 [-0.49742254216898285, 0.7690550978849707, 1.1027971897976263, 1.3414976284247204, 1.4614180805293073, 1.7128042238350387, 1.855411454276358, 2.068379040353047, 2.4063838810606764, 2.4287204483433693, 3.2819268931942456, 2.763414811454532]
rotated [-20.12483112875189, -12.885769184498589, 6.629381970688794, 11.31778323219182, 10.58449440080372, 5.480057329440369, 3.1105255759753727, 3.0231494362715923, 2.13761176237257, 2.3448338885690903, 4.338377911289074, 3.416749586780925]
segmented_realworld [15.555921302553598, 23.13123021427674, 18.048159736024676, 18.46603242051811, 23.834952252589638, 22.719986587513233, 26.256788795997412, 28.34633526928079, 31.817075860559044, 32.62092567269075, 41.398881366903915, 17.78489974145893]
segmented_noisy [21.128688486980952, 25.71577451335168, 20.518796131746445, 26.781754432034656, 25.795190151980453, 36.84736029029642, 42.11694148908967, 36.68715765862324, 32.26534998701401, 34.14465650777297, 42.90542406257122, 2.8425759553415397]
downsampled [-7.589150458122121, 10.715710298548187, 13.134057301368376, 25.231529550573434, 33.011591554526035, 37.41440343718273, 40.00293439030891, 28.33026931747924, 19.85444036187334, 14.261847129325494, 18.01307100966422, 45.11570134848569]
shuffled [-9.673342800644823, -8.371992079956462, 1.5271875664229266, 7.584470325034466, 12.209983646612914, 17.968262171387135, 19.97023158762178, 24.28553805888745, 26.9514198872002, 27.670668541063975, 35.984917265564896, 24.861679045036706]
